290
18486
33366
22692
41484
15284
40064
21674
17120
18790
34294
10736
46058
44614
24132
27846
46670
41980
41524
32882
46026
37882
28904
38262
19330
10988
26402
18060
45060
44956
35982
30504
35226
40792
36984
28888
25280
18830
17580
29686
48536
14510
20708
10734
4790
20996
45152
43254
42862
20188
29312
40660
45438
36210
37588
36864
33900
12426
20682
43002
44526
16088
15622
48870
30882
46282
45628
30380
16292
33522
37226
26212
38270
18124
14592
30198
31796
46518
42136
14296
39424
22628
20748
28870
41826
20850
29390
13850
20726
43584
37176
42418
25524
20092
42452
20544
29092
19742
47610
32646
20848
25062
11032
16158
11578
38062
12386
28360
24570
40
13502
18926
13168
20350
33498
15000
44888
16288
39396
4706
33474
16144
10600
12556
22298
35468
47524
41494
33886
26932
12106
22666
10134
27604
20972
19590
19232
26062
12512
24894
47424
16486
49204
38410
20628
36
45802
14056
15246
10104
20920
29896
26450
19586
41118
27132
12912
14390
27672
26730
38836
40754
39334
23670
11424
47984
44776
35418
33440
49394
24628
33432
31356
32668
18626
46926
30888
33298
45982
31954
42702
22206
26692
21814
40070
29290
24726
26338
34852
27650
12908
22384
11512
48302
24058
43810
27652
13170
40054
25270
24932
18134
36892
35564
11416
39916
14550
12662
31578
39112
12698
17028
42038
31956
23676
35312
21986
17128
26944
26990
14044
32244
34812
21212
29272
22
26262
43960
26702
13726
25860
33342
38320
12016
14656
10102
48470
25788
14506
28618
33724
29222
13766
13478
30426
13858
19630
11120
11454
20818
45670
47282
36830
46494
23492
16650
25236
39972
33140
25880
39890
27126
46428
15582
44484
27194
19340
47486
27304
45668
12538
12682
19692
47912
18734
14898
36224
24686
22054
47210
40836
16386
44638
43318
43092
10582
19744
11346
43586
16240
41622
10302
1872
48290
30852
47716
18986
16418
20234
18834
25320
23516
39842
25610
30996
42764
40602
11872
46270
33870
12854
18954
34794
38504
25464
10238
10386
33274
19786
16392
49154
21310
41450
20554
29782
13990
36458
18730
17772
48340
20968
26200
27384
21454
46852
30090
19214
29522
34588
27316
19432
3084
38014
46224
16706
19356
22846
32850
38424
15388
46626
47376
31266
10616
27756
49090
18140
44430
14384
42060
31984
19752
39036
28784
31280
29458
27812
30362
27236
22306
24100
20210
1468
35140
35490
4802
44984
21824
40516
46328
39410
27542
16496
48034
47314
27748
10852
13612
